73747
73753
73754
73755
73757
73773
73774
73775
73777
74333
74334
74335
74337
74343
74344
74345
74347
74353
74354
74355
74357
74373
74374
74375
74377
74433
74434
74435
74437
74443
74444
74445
74447
74453
74454
74455
74457
74473
74474
74475
74477
74533
74534
74535
74537
74543
74544
74545
74547
74553
74554
74555
74557
74573
74574
74575
74577
74733
74734
74735
74737
74743
74744
74745
74747
74753
74754
74755
74757
74773
74774
74775
74777
75333
75334
75335
75337
75343
75344
75345
75347
75353
75354
75355
75357
75373
75374
75375
75377
75433
75434
75435
75437
75443
75444
75445
75447
75453
75454
75455
75457
75473
75474
75475
75477
75533
75534
75535
75537
75543
75544
75545
75547
75553
75554
75555
75557
75573
75574
75575
75577
75733
75734
75735
75737
75743
75744
75745
75747
75753
75754
75755
75757
75773
75774
75775
75777
77333
77334
77335
77337
77343
77344
77345
77347
77353
77354
77355
77357
77373
77374
77375
77377
77433
77434
77435
77437
77443
77444
77445
77447
77453
77454
77455
77457
77473
77474
77475
77477
77533
77534
77535
77537
77543
77544
77545
77547
77553
77554
77555
77557
77573
77574
77575
77577
77733
77734
77735
77737
77743
77744
77745
77747
77753
77754
77755
77757
77773
77774
77775
77777