47744
47745
47747
47753
47754
47755
47757
47773
47774
47775
47777
53333
53334
53335
53337
53343
53344
53345
53347
53353
53354
53355
53357
53373
53374
53375
53377
53433
53434
53435
53437
53443
53444
53445
53447
53453
53454
53455
53457
53473
53474
53475
53477
53533
53534
53535
53537
53543
53544
53545
53547
53553
53554
53555
53557
53573
53574
53575
53577
53733
53734
53735
53737
53743
53744
53745
53747
53753
53754
53755
53757
53773
53774
53775
53777
54333
54334
54335
54337
54343
54344
54345
54347
54353
54354
54355
54357
54373
54374
54375
54377
54433
54434
54435
54437
54443
54444
54445
54447
54453
54454
54455
54457
54473
54474
54475
54477
54533
54534
54535
54537
54543
54544
54545
54547
54553
54554
54555
54557
54573
54574
54575
54577
54733
54734
54735
54737
54743
54744
54745
54747
54753
54754
54755
54757
54773
54774
54775
54777
55333
55334
55335
55337
55343
55344
55345
55347
55353
55354
55355
55357
55373
55374
55375
55377
55433
55434
55435
55437
55443
55444
55445
55447
55453
55454
55455
55457
55473
55474
55475
55477
55533
55534
55535
55537
55543
55544
55545
55547
55553
55554
55555
55557
55573
55574
55575
55577
55733
55734
55735
55737
55743
55744
55745
55747
55753
55754
55755
55757
55773
