55774
55775
55777
57333
57334
57335
57337
57343
57344
57345
57347
57353
57354
57355
57357
57373
57374
57375
57377
57433
57434
57435
57437
57443
57444
57445
57447
57453
57454
57455
57457
57473
57474
57475
57477
57533
57534
57535
57537
57543
57544
57545
57547
57553
57554
57555
57557
57573
57574
57575
57577
57733
57734
57735
57737
57743
57744
57745
57747
57753
57754
57755
57757
57773
57774
57775
57777
73333
73334
73335
73337
73343
73344
73345
73347
73353
73354
73355
73357
73373
73374
73375
73377
73433
73434
73435
73437
73443
73444
73445
73447
73453
73454
73455
73457
73473
73474
73475
73477
73533
73534
73535
73537
73543
73544
73545
73547
73553
73554
73555
73557
73573
73574
73575
73577
73733
73734
73735
73737
73743
73744
73745
