33477
33533
33534
33535
33537
33543
33544
33545
33547
33553
33554
33555
33557
33573
33574
33575
33577
33733
33734
33735
33737
33743
33744
33745
33747
33753
33754
33755
33757
33773
33774
33775
33777
34333
34334
34335
34337
34343
34344
34345
34347
34353
34354
34355
34357
34373
34374
34375
34377
34433
34434
34435
34437
34443
34444
34445
34447
34453
34454
34455
34457
34473
34474
34475
34477
34533
34534
34535
34537
34543
34544
34545
34547
34553
34554
34555
34557
34573
34574
34575
34577
34733
34734
34735
34737
34743
34744
34745
34747
34753
34754
34755
34757
34773
34774
34775
34777
35333
35334
35335
35337
35343
35344
35345
35347
35353
35354
35355
35357
35373
35374
35375
35377
35433
35434
35435
35437
35443
35444
35445
35447
35453
35454
35455
35457
35473
35474
35475
35477
35533
35534
35535
35537
35543
35544
35545
35547
35553
35554
35555
35557
35573
35574
35575
35577
35733
35734
35735
35737
35743
35744
35745
35747
35753
35754
35755
35757
35773
35774
35775
35777
37333
37334
37335
37337
37343
37344
37345
37347
37353
