37354
37355
37357
37373
37374
37375
37377
37433
37434
37435
37437
37443
37444
37445
37447
37453
37454
37455
37457
37473
37474
37475
37477
37533
37534
37535
37537
37543
37544
37545
37547
37553
37554
37555
37557
37573
37574
37575
37577
37733
37734
37735
37737
37743
37744
37745
37747
37753
37754
37755
37757
37773
37774
37775
37777
43333
43334
43335
43337
43343
43344
43345
43347
43353
43354
43355
43357
43373
43374
43375
43377
43433
43434
43435
43437
43443
43444
43445
43447
43453
43454
43455
43457
43473
43474
43475
43477
43533
43534
43535
43537
43543
43544
43545
43547
43553
43554
43555
43557
43573
43574
43575
43577
43733
43734
43735
43737
43743
43744
43745
43747
43753
43754
43755
43757
43773
43774
43775
43777
44333
44334
44335
44337
44343
44344
44345
44347
44353
44354
44355
44357
44373
44374
44375
44377
44433
44434
44435
44437
44443
44444
44445
44447
44453
44454
44455
44457
44473
44474
44475
44477
44533
44534
44535
44537
44543
44544
44545
44547
44553
44554
44555
44557
44573
44574
44575
44577
44733
44734
44735
44737
44743
44744
44745
44747
44753
44754
44755
44757
44773
44774
44775
44777
45333
45334
45335
45337
45343
45344
45345
45347
45353
45354
45355
45357
45373
45374
45375
45377
45433
45434
45435
45437
45443
45444
45445
45447
45453
45454
45455
45457
45473
45474
45475
45477
45533
45534
45535
45537
45543
45544
45545
45547
45553
45554
45555
45557
45573
45574
45575
45577
45733
45734
45735
45737
45743
45744
45745
45747
45753
45754
45755
45757
45773
45774
45775
45777
47333
47334
47335
47337
47343
47344
47345
47347
47353
47354
47355
47357
47373
47374
47375
47377
47433
47434
47435
47437
47443
47444
47445
47447
47453
47454
47455
47457
47473
47474
47475
47477
47533
47534
47535
47537
47543
47544
47545
47547
47553
47554
47555
47557
47573
47574
47575
47577
47733
47734
47735
47737
47743
